0.999870061874 0.014455552213 -0.007131597959 0.002546996344 -0.014469726942 0.999893426895 -0.001940046321 -0.018706781790 0.007102793083 0.002042986453 0.999972701073 -0.004547306802
0.999973297119 0.007212607656 0.001172755379 -0.000081279017 -0.007220934611 0.999947607517 0.007257964928 -0.014710056596 -0.001120344969 -0.007266239729 0.999972999096 -0.007681662682
0.999949753284 -0.000503604242 0.010008974932 -0.002488956321 0.000346399873 0.999876677990 0.015701867640 -0.010890938342 -0.010015648790 -0.015697613358 0.999826610088 -0.010759390891
0.999784827232 -0.008551855572 0.018899554387 -0.004471069667 0.008120342158 0.999707221985 0.022791927680 -0.006802174728 -0.019088933244 -0.022633550689 0.999561548233 -0.013493399136
0.999480843544 -0.016457533464 0.027698567137 -0.006054238416 0.015673397109 0.999476790428 0.028292605653 -0.002803889336 -0.028149703518 -0.027843786404 0.999215841293 -0.015903353691
0.999049305916 -0.024350991473 0.036159053445 -0.007431903388 0.023212635890 0.999231815338 0.031574897468 0.001229426707 -0.036900155246 -0.030705532059 0.998847126961 -0.017999138683
0.998507201672 -0.031534887850 0.044597301632 -0.007713841274 0.030124504119 0.999035358429 0.031951081008 0.004963888787 -0.045561853796 -0.030559914187 0.998493969440 -0.020236130804
0.997950732708 -0.038384426385 0.051195707172 -0.008229072206 0.036870960146 0.998863995075 0.030186533928 0.009731867351 -0.052296239883 -0.028237037361 0.998232305050 -0.020368535072
0.997371613979 -0.043451569974 0.057980854064 -0.007991472259 0.042158484459 0.998838245869 0.023342411965 0.013894026168 -0.058927755803 -0.020836673677 0.998044788837 -0.020540740341
0.996900677681 -0.045791063458 0.063970252872 -0.006208200008 0.045151542872 0.998915016651 0.011408012360 0.017510918900 -0.064423233271 -0.008484300226 0.997886598110 -0.020760107785
0.996545553207 -0.048134636134 0.067676223814 -0.004024976399 0.048498246819 0.998816251755 -0.003739126725 0.022469308227 -0.067416138947 0.007008387707 0.997700333595 -0.018886510283
0.996208667755 -0.049606259912 0.071466796100 -0.001661999500 0.051409322768 0.998398482800 -0.023613769561 0.026794767007 -0.070180945098 0.027198299766 0.997163414955 -0.016789071262
0.995889008045 -0.050148729235 0.075432963669 0.000705802697 0.053803015500 0.997434556484 -0.047217488289 0.030352860689 -0.072871543467 0.051081903279 0.996032297611 -0.014161329716
0.995314419270 -0.051537849009 0.081810899079 0.003335644491 0.057687409222 0.995537936687 -0.074674949050 0.033582240343 -0.077597267926 0.079044520855 0.993846356869 -0.011348163709
0.994297683239 -0.054445084184 0.091694146395 0.005247890949 0.064044512808 0.992383539677 -0.105229236186 0.036476515234 -0.085266545415 0.110501699150 0.990211606026 -0.008439749479
0.992578983307 -0.059520374984 0.106039017439 0.005869208835 0.073963053524 0.987674534321 -0.137943670154 0.039153326303 -0.096521586180 0.144762948155 0.984747290611 -0.004858874716
0.989709138870 -0.066197991371 0.126860588789 0.005524846725 0.087725833058 0.981105804443 -0.172439917922 0.041010994464 -0.113048486412 0.181794330478 0.976816713810 -0.001609234256
0.985040307045 -0.075084373355 0.155106246471 0.003375412896 0.106747403741 0.972463190556 -0.207172200084 0.042411115021 -0.135279715061 0.220630154014 0.965930521488 0.001784142805
0.978184282780 -0.083811417222 0.190081968904 0.000422244193 0.129437521100 0.961573243141 -0.242121517658 0.042919389904 -0.162485197186 0.261443197727 0.951444149017 0.004397838376
0.968934595585 -0.091288968921 0.229852333665 -0.003935711458 0.154894635081 0.948526859283 -0.276232719421 0.043090283871 -0.192804113030 0.303254306316 0.933200597763 0.007231619209
0.957238197327 -0.096301496029 0.272802323103 -0.008623977192 0.181943356991 0.933537542820 -0.308875858784 0.043095063418 -0.224925994873 0.345302343369 0.911139190197 0.009316019714
0.943563759327 -0.097797259688 0.316422313452 -0.013651959598 0.208913877606 0.917102754116 -0.339525490999 0.042870350182 -0.256987124681 0.386468976736 0.885776162148 0.011104312725
0.928494811058 -0.095686733723 0.358805626631 -0.018483653665 0.234764754772 0.899895191193 -0.367524355650 0.042628265917 -0.287720233202 0.425479382277 0.858011841774 0.012067254633
0.912926256657 -0.090078085661 0.398059725761 -0.023165661842 0.258317589760 0.882642984390 -0.392700195312 0.042268164456 -0.315970957279 0.461332142353 0.829056680202 0.012397768907
0.897913753986 -0.081973358989 0.432471126318 -0.027035901323 0.278930187225 0.866021990776 -0.414974510670 0.042130615562 -0.340512663126 0.493240594864 0.800477862358 0.011976880021
0.884365320206 -0.072205379605 0.461177110672 -0.030311556533 0.295969486237 0.850723683834 -0.434363096952 0.042392838746 -0.360970914364 0.520630002022 0.773721098900 0.010905438103
0.871876418591 -0.062075324357 0.485775858164 -0.032508719712 0.310788720846 0.836727440357 -0.450885355473 0.042566254735 -0.378473132849 0.544089972973 0.748815178871 0.008743807673
0.861053109169 -0.052509739995 0.505796611309 -0.034333631396 0.322899580002 0.824853003025 -0.464061766863 0.043143380433 -0.392840087414 0.562903344631 0.727197647095 0.006274688989
0.851117908955 -0.043638810515 0.523157715797 -0.035181052983 0.333371639252 0.814746379852 -0.474396139383 0.043599277735 -0.405538737774 0.578172981739 0.707993149757 0.002658643294
0.842287302017 -0.036501631141 0.537791490555 -0.035592153668 0.342398941517 0.806793928146 -0.481504410505 0.044273272157 -0.416311204433 0.589704275131 0.692050457001 -0.000991471577
0.834175467491 -0.031124904752 0.550620079041 -0.035372592509 0.350414872169 0.800876736641 -0.485598474741 0.044971734285 -0.425864636898 0.598019838333 0.678978383541 -0.005158037879
0.826794505119 -0.027085244656 0.561851680279 -0.034977726638 0.357387721539 0.796621561050 -0.487512171268 0.045598115772 -0.434378772974 0.603871285915 0.668322205544 -0.010019338690
0.819491088390 -0.024906992912 0.572550475597 -0.033562920988 0.364275246859 0.793901681900 -0.486850768328 0.046488977969 -0.442422807217 0.607535839081 0.659668326378 -0.015454338863
0.812740564346 -0.024009481072 0.582130789757 -0.032189130783 0.370269417763 0.792714715004 -0.484255969524 0.046845346689 -0.449836939573 0.609119713306 0.653161406517 -0.020913839340
0.806141018867 -0.024968519807 0.591196417809 -0.030677136034 0.376154243946 0.792878568172 -0.479428440332 0.047554694116 -0.456776350737 0.608868002892 0.648563981056 -0.026330908760
0.799466013908 -0.027004972100 0.600104033947 -0.028915036470 0.381863057613 0.794014811516 -0.472991585732 0.047926757485 -0.463718354702 0.607298254967 0.645100057125 -0.032037794590
0.792589664459 -0.029929339886 0.609020411968 -0.026695366949 0.387490153313 0.795905590057 -0.465172827244 0.048341810703 -0.470800429583 0.604680597782 0.642423808575 -0.038152683526
0.785161137581 -0.034848749638 0.618310213089 -0.024488968775 0.393710285425 0.798766374588 -0.454933464527 0.048881705850 -0.478031516075 0.600631177425 0.640880644321 -0.043842695653
0.777586877346 -0.040181607008 0.627490282059 -0.022358030081 0.399607241154 0.802076518536 -0.443832576275 0.048429954797 -0.485461324453 0.595868051052 0.639741063118 -0.049565121531
0.768881559372 -0.047278523445 0.637640893459 -0.020076248795 0.406548887491 0.805859684944 -0.430474400520 0.048442594707 -0.493496835232 0.590216040611 0.638831615448 -0.055536914617
0.759547412395 -0.054712995887 0.648146688938 -0.018013387918 0.413481056690 0.809828162193 -0.416187196970 0.047548111528 -0.502116620541 0.584110319614 0.637725710869 -0.061211735010
0.749116480350 -0.063446164131 0.659393012524 -0.015987113118 0.421139866114 0.813966214657 -0.400125265121 0.046538278461 -0.511337220669 0.577437102795 0.636475205421 -0.066573001444
0.737339615822 -0.073653161526 0.671495020390 -0.014122277498 0.429727792740 0.818113923073 -0.382130384445 0.045360334218 -0.521214306355 0.570319950581 0.634878635406 -0.071476921439
0.724385142326 -0.083628132939 0.684304356575 -0.012813379988 0.438368976116 0.821968853474 -0.363592982292 0.043143235147 -0.532070279121 0.563359141350 0.632081985474 -0.076442509890
0.709457039833 -0.095558255911 0.698240101337 -0.011424902827 0.448292523623 0.825669407845 -0.342496424913 0.041282974184 -0.543787181377 0.556002378464 0.628615021706 -0.080471217632
0.692889809608 -0.108105197549 0.712893366814 -0.010606525466 0.458777189255 0.828845918179 -0.320215433836 0.038669541478 -0.556261777878 0.548933207989 0.623895049095 -0.084018222988
0.674359738827 -0.121043920517 0.728414177895 -0.010199844837 0.470017790794 0.831182360649 -0.297017127275 0.035491250455 -0.569492936134 0.542664051056 0.617408752441 -0.087419964373
0.654228687286 -0.134539738297 0.744233787060 -0.010075114667 0.481559395790 0.832889854908 -0.272754549980 0.031918246299 -0.583168447018 0.536836624146 0.609689235687 -0.090275704861
0.632432818413 -0.148651182652 0.760218083858 -0.010173507035 0.493396043777 0.833876609802 -0.247406750917 0.028201203793 -0.597150743008 0.531556725502 0.600714802742 -0.092547595501
