0.924256980419 -0.244552195072 0.293160766363 -0.345101505518 -0.381770879030 -0.592054247856 0.709734261036 -0.701074838638 0.000000000000 -0.767897129059 -0.640573203564 0.679869830608
0.919951975346 -0.253802925348 0.298784941435 -0.360912561417 -0.392031073570 -0.595581591129 0.701137781143 -0.714040458202 0.000000000000 -0.762146055698 -0.647405087948 0.676072955132
0.915324628353 -0.263215392828 0.304792433977 -0.375987678766 -0.402716755867 -0.598255574703 0.692754983902 -0.727201104164 -0.000000000000 -0.756840765476 -0.653599321842 0.671661913395
0.910458087921 -0.272492736578 0.311149150133 -0.389921069145 -0.413601368666 -0.599836587906 0.684930682182 -0.740402221680 0.000000000000 -0.752292335033 -0.658829450607 0.666462540627
0.905464112759 -0.281286001205 0.317825227976 -0.402306973934 -0.424422800541 -0.600095927715 0.678048789501 -0.753489196301 0.000000000000 -0.748841106892 -0.662749528885 0.660300672054
0.900487780571 -0.289189666510 0.324793964624 -0.412739634514 -0.434881329536 -0.598811030388 0.672535181046 -0.766307473183 0.000000000000 -0.746856510639 -0.664985179901 0.653002083302
0.895709574223 -0.295738548040 0.332028716803 -0.420813202858 -0.444639593363 -0.595754086971 0.668859243393 -0.778702497482 0.000000000000 -0.746736764908 -0.665119707584 0.644392609596
0.891345441341 -0.300407022238 0.339498132467 -0.426121950150 -0.453324764967 -0.590672373772 0.667534887791 -0.790519714355 0.000000000000 -0.748907089233 -0.662675023079 0.634298086166
0.887640655041 -0.302633076906 0.347141534090 -0.428260087967 -0.460536688566 -0.583296477795 0.669082343578 -0.801604568958 0.000000000000 -0.753776133060 -0.657131314278 0.622544348240
0.884842872620 -0.302016407251 0.354738175869 -0.426829814911 -0.465889573097 -0.573606014252 0.673738062382 -0.811801373959 0.000000000000 -0.761421144009 -0.648257493973 0.608960926533
0.882911622524 -0.298623979092 0.362340718508 -0.422010421753 -0.469539225101 -0.561526179314 0.681337833405 -0.820879280567 0.000000000000 -0.771694242954 -0.635993659496 0.593649923801
0.881302297115 -0.293134719133 0.370645761490 -0.414936363697 -0.472552895546 -0.546690762043 0.691247403622 -0.828482568264 0.000000000000 -0.784347653389 -0.620321452618 0.577164471149
0.879364073277 -0.286277651787 0.380478560925 -0.406831860542 -0.476150035858 -0.528703749180 0.702675998211 -0.834243774414 0.000000000000 -0.799072861671 -0.601234197617 0.560100018978
0.876386225224 -0.278739243746 0.392748832703 -0.398921132088 -0.481608986855 -0.507223129272 0.714686930180 -0.837795674801 0.000000000000 -0.815493166447 -0.578766703606 0.543052196503
0.871586740017 -0.271119087934 0.408449500799 -0.392428398132 -0.490241348743 -0.482015281916 0.726171255112 -0.838770747185 0.000000000000 -0.833160102367 -0.553031921387 0.526616394520
0.864083170891 -0.263882488012 0.428633064032 -0.388577848673 -0.503349065781 -0.452998608351 0.735820651054 -0.836801648140 0.000000000000 -0.851562261581 -0.524253487587 0.511388182640
0.852848947048 -0.257315665483 0.454353809357 -0.388593465090 -0.522157728672 -0.420277923346 0.742103576660 -0.831521153450 0.000000000000 -0.870146632195 -0.492792934179 0.497962921858
0.837014377117 -0.251178115606 0.486123919487 -0.393247812986 -0.547180891037 -0.384223401546 0.743616461754 -0.822855889797 0.000000000000 -0.888415396214 -0.459040373564 0.486780613661
0.816717386246 -0.244177848101 0.522828757763 -0.401914715767 -0.577037870884 -0.345600008965 0.739991843700 -0.811643064022 0.000000000000 -0.906056165695 -0.423157393932 0.477799415588
0.792498171329 -0.235069811344 0.562751114368 -0.413698107004 -0.609874308109 -0.305460333824 0.731264233589 -0.798895478249 0.000000000000 -0.922733008862 -0.385439783335 0.470884561539
0.765190541744 -0.223037794232 0.603935062885 -0.427701890469 -0.643803894520 -0.265090674162 0.717804610729 -0.785626053810 0.000000000000 -0.938073039055 -0.346437484026 0.465901315212
0.735932826996 -0.207817003131 0.644371747971 -0.443029940128 -0.677054584026 -0.225889265537 0.700407862663 -0.772847652435 0.000000000000 -0.951727986336 -0.306942790747 0.462714850903
0.706105649471 -0.189712002873 0.682220041752 -0.458786159754 -0.708106517792 -0.189175948501 0.680292308331 -0.761573195457 0.000000000000 -0.963442683220 -0.267914503813 0.461190402508
0.677215814590 -0.169492363930 0.715996563435 -0.474074423313 -0.735784411430 -0.156000748277 0.659003078938 -0.752815604210 0.000000000000 -0.973106443882 -0.230356022716 0.461193203926
0.650745749474 -0.148204460740 0.744691491127 -0.488011211157 -0.759295701981 -0.127016946673 0.638229370117 -0.747570753098 0.000000000000 -0.980766117573 -0.195186749101 0.462589412928
0.627447605133 -0.127062842250 0.768221676350 -0.500143766403 -0.778658747673 -0.102387957275 0.619037330151 -0.746251523495 0.000000000000 -0.986596047878 -0.163181677461 0.465278208256
0.607149004936 -0.107202887535 0.787323057652 -0.510548532009 -0.794587969780 -0.081914313138 0.601597845554 -0.748554766178 0.000000000000 -0.990857005119 -0.134916320443 0.469199270010
0.589495182037 -0.089449115098 0.802804052830 -0.519334256649 -0.807771921158 -0.065278105438 0.585869729519 -0.754133582115 0.000000000000 -0.993849873543 -0.110735610127 0.474294692278
0.574052810669 -0.074356868863 0.815435111523 -0.526609718800 -0.818818271160 -0.052129723132 0.571680963039 -0.762641072273 0.000000000000 -0.995868265629 -0.090809978545 0.480506658554
0.560366749763 -0.062249619514 0.825901985168 -0.532483696938 -0.828244566917 -0.042116325349 0.558781802654 -0.773730218410 0.000000000000 -0.997171580791 -0.075158499181 0.487777262926
0.548082172871 -0.053106334060 0.834736883640 -0.537065029144 -0.836424469948 -0.034798879176 0.546976327896 -0.787054121494 0.000000000000 -0.997982323170 -0.063492082059 0.496048659086
0.536899447441 -0.046750739217 0.842349886894 -0.540462374687 -0.843646228313 -0.029752336442 0.536074459553 -0.802265882492 -0.000000000000 -0.998463392258 -0.055415097624 0.505263030529
0.526531159878 -0.042980108410 0.849068701267 -0.542784571648 -0.850155830383 -0.026619078591 0.525857806206 -0.819018483162 0.000000000000 -0.998721241951 -0.050555564463 0.515362381935
0.516702890396 -0.041584759951 0.855154275894 -0.544140458107 -0.856164753437 -0.025096764788 0.516093075275 -0.836965024471 0.000000000000 -0.998819708824 -0.048570975661 0.526289045811
0.507153451443 -0.042359456420 0.860814213753 -0.544638752937 -0.861855804920 -0.024926144630 0.506540536880 -0.855758547783 0.000000000000 -0.998791456223 -0.049149122089 0.537984967232
0.497633099556 -0.045109711587 0.866213858128 -0.544388234615 -0.867387652397 -0.025880107656 0.496959656477 -0.875052094460 0.000000000000 -0.998646736145 -0.052006401122 0.550392448902
0.487902313471 -0.049654725939 0.871484756470 -0.543497681618 -0.872898221016 -0.027754275128 0.487112283707 -0.894498765469 0.000000000000 -0.998380720615 -0.056884899735 0.563453495502
0.477729648352 -0.055828135461 0.876731216908 -0.542075932026 -0.878506898880 -0.030359186232 0.476764023304 -0.913751602173 0.000000000000 -0.997978746891 -0.063548885286 0.577110290527
0.466889590025 -0.063477277756 0.882034420967 -0.540231704712 -0.884315609932 -0.033513918519 0.465685218573 -0.932463645935 0.000000000000 -0.997420370579 -0.071781247854 0.591305017471
0.455160856247 -0.072461456060 0.887455880642 -0.538073837757 -0.890409231186 -0.037040967494 0.453651160002 -0.950287938118 0.000000000000 -0.996683180332 -0.081379950047 0.605979800224
0.442324399948 -0.082649439573 0.893038749695 -0.535711050034 -0.896855115891 -0.040762282908 0.440442174673 -0.966877639294 -0.000000000000 -0.995744705200 -0.092154726386 0.621076703072
0.428162336349 -0.093916207552 0.898808538914 -0.533252179623 -0.903701841831 -0.044496294111 0.425843954086 -0.981885671616 -0.000000000000 -0.994585275650 -0.103923887014 0.636537969112
0.412457048893 -0.106139160693 0.904772698879 -0.530805945396 -0.910977065563 -0.048055924475 0.409647941589 -0.994965195656 -0.000000000000 -0.993189334869 -0.116511344910 0.652305603027
0.394991129637 -0.119193673134 0.910919785500 -0.528481185436 -0.918684959412 -0.051247652620 0.391652494669 -1.005769252777 0.000000000000 -0.991547524929 -0.129743799567 0.668321907520
0.375548690557 -0.132948026061 0.917217552662 -0.526386678219 -0.926802635193 -0.053871724755 0.371664732695 -1.013950824738 -0.000000000000 -0.989657878876 -0.143448039889 0.684528887272
0.353946894407 -0.147256582975 0.923600077629 -0.524618148804 -0.935265541077 -0.055728569627 0.349532157183 -1.019201278687 0.000000000000 -0.987527132034 -0.157448962331 0.700869619846
0.330296844244 -0.161944031715 0.929880678654 -0.523144006729 -0.943877100945 -0.056670092046 0.325398981571 -1.021585702896 0.000000000000 -0.985171377659 -0.171573221684 0.717295825481
0.304883927107 -0.176812246442 0.935832917690 -0.521860659122 -0.952389538288 -0.056602057070 0.299583733082 -1.021380662918 -0.000000000000 -0.982615709305 -0.185651183128 0.733763933182
0.278009921312 -0.191652938724 0.941264927387 -0.520663797855 -0.960578203201 -0.055468067527 0.272420287132 -1.018865108490 0.000000000000 -0.979894101620 -0.199518308043 0.750230669975
