0.999981641769 0.001196187804 -0.005937778391 -0.002006246243 -0.001278010081 0.999904036522 -0.013795345090 0.010202665813 0.005920706317 0.013802680187 0.999887228012 -0.016075063497
0.999964594841 0.005145460367 0.006656096317 0.001512087882 -0.005038443953 0.999859333038 -0.015996091068 0.007944369689 -0.006737467833 0.015961989760 0.999849915504 -0.015895923600
0.999852657318 0.007279681507 0.015544711612 0.004471359774 -0.006972909439 0.999781668186 -0.019698662683 0.005370917730 -0.015684718266 0.019587369636 0.999685108662 -0.015563922934
0.999648928642 0.005035602953 0.026013547555 0.007791939657 -0.004311324563 0.999603569508 -0.027823811397 0.002430474386 -0.026143344119 0.027701890096 0.999274313450 -0.015660628676
0.999314844608 0.002192406449 0.036947004497 0.010410910472 -0.000805747171 0.999296128750 -0.037504211068 -0.000963494589 -0.037003226578 0.037448741496 0.998613238335 -0.015016905032
0.998991191387 -0.002930837916 0.044811438769 0.012962611392 0.005015911534 0.998906254768 -0.046488553286 -0.004538515583 -0.044626172632 0.046666420996 0.997913181782 -0.015139658004
0.998812019825 -0.007317932323 0.048176653683 0.014379332773 0.010022660717 0.998372495174 -0.056141957641 -0.008289365098 -0.047687403858 0.056558117270 0.997259795666 -0.015327620320
0.998670697212 -0.005231426563 0.051277928054 0.015644507483 0.008662546985 0.997720718384 -0.066920205951 -0.012504212558 -0.050810962915 0.067275449634 0.996439814568 -0.015094433911
0.998313486576 -0.003230143804 0.057963009924 0.016874730587 0.007763453294 0.996910870075 -0.078156650066 -0.016109658405 -0.057531494647 0.078474834561 0.995254635811 -0.015369805507
0.998030006886 0.000259580323 0.062737874687 0.017221486196 0.005247029476 0.996142685413 -0.087590970099 -0.020579874516 -0.062518619001 0.087747611105 0.994178950787 -0.014855375513
0.997714340687 0.001279205782 0.067560605705 0.017787681893 0.005188596435 0.995418667793 -0.095471046865 -0.024469967932 -0.067373223603 0.095603384078 0.993136882782 -0.015184489079
0.997359395027 0.001852485235 0.072599932551 0.017461221665 0.005565711763 0.994784832001 -0.101843617857 -0.028573110700 -0.072409972548 0.101978756487 0.992147743702 -0.014781775884
0.996944367886 0.003463812638 0.078037634492 0.016720507294 0.004916168284 0.994253695011 -0.106936290860 -0.031511202455 -0.077959612012 0.106993183494 0.991198658943 -0.015580113977
0.996961295605 0.007953240536 0.077491186559 0.014351651073 0.000910540344 0.993516623974 -0.113683246076 -0.035140365362 -0.077892936766 0.113408364356 0.990490376949 -0.016361830756
0.997454702854 0.011514103040 0.070367082953 0.011211366393 -0.002821245231 0.992475986481 -0.122406765819 -0.038332372904 -0.071247041225 0.121896684170 0.989982366562 -0.017646068707
0.997866630554 0.013999549672 0.063766658306 0.007896102965 -0.005657433067 0.991606473923 -0.129169061780 -0.040843028575 -0.065039739013 0.128532752395 0.989570200443 -0.019387096167
0.998371541500 0.013480748981 0.055430952460 0.003588449443 -0.005894612521 0.990854442120 -0.134806394577 -0.042706266046 -0.056741293520 0.134260118008 0.989320278168 -0.021112125367
0.998976051807 0.012773954310 0.043401114643 -0.001319467672 -0.006708714180 0.990531742573 -0.137120038271 -0.044046528637 -0.044741742313 0.136688470840 0.989603161812 -0.022808402777
0.999587595463 0.010561244562 0.026704635471 -0.006866210140 -0.006837155670 0.990701317787 -0.135882899165 -0.044877231121 -0.027891408652 0.135644271970 0.990364909172 -0.024319784716
0.999940812588 0.009781938978 0.004756620619 -0.012769087218 -0.009060763754 0.991035401821 -0.133292064071 -0.045721992850 -0.006017834414 0.133241072297 0.991065382957 -0.025301346555
0.999806880951 0.007292045280 -0.018249774352 -0.019015330821 -0.009615954012 0.991377651691 -0.130682483315 -0.045439422131 0.017139473930 0.130832746625 0.991256296635 -0.026733350009
0.998874962330 0.005848695524 -0.047060012817 -0.025379130617 -0.011857147329 0.991647541523 -0.128430977464 -0.045139249414 0.045915789902 0.128844484687 0.990601241589 -0.028325980529
0.997110784054 0.008656617254 -0.075466111302 -0.032290875912 -0.018113655970 0.991922140121 -0.125548169017 -0.044308852404 0.073769688606 0.126552388072 0.989213109016 -0.029346833006
0.994618475437 0.009273460135 -0.103189788759 -0.038380924612 -0.022135308012 0.992009460926 -0.124206326902 -0.042656071484 0.101213432848 0.125822037458 0.986876189709 -0.031246569008
0.990940988064 0.006479550153 -0.134141713381 -0.044285595417 -0.023323541507 0.991960287094 -0.124381870031 -0.041022360325 0.132257312536 0.126383751631 0.983125209808 -0.032552722842
0.986468076706 0.003831552342 -0.163908556104 -0.049000963569 -0.024147320539 0.992219805717 -0.122134067118 -0.038962766528 0.162165358663 0.124439306557 0.978885710239 -0.033653479069
0.981704831123 0.000310878269 -0.190408974886 -0.052097573876 -0.023810308427 0.992349803448 -0.121140263975 -0.036861561239 0.188914656639 0.123457677662 0.974201977253 -0.034894324839
0.978230357170 -0.004698549397 -0.207468673587 -0.054568082094 -0.021176639944 0.992264628410 -0.122321300209 -0.034375548363 0.206438556314 0.124051906168 0.970563888550 -0.036269418895
0.975261926651 -0.010975454934 -0.220779731870 -0.056264322251 -0.016469750553 0.992382824421 -0.122086264193 -0.031782221049 0.220437958837 0.122702278197 0.967652440071 -0.037224225700
0.972017943859 -0.012767469510 -0.234559506178 -0.056819103658 -0.015510018915 0.992854773998 -0.118316501379 -0.028714738786 0.234394133091 0.118643775582 0.964874625206 -0.038343310356
0.969048678875 -0.013724162243 -0.246488019824 -0.056857060641 -0.014912300743 0.993376076221 -0.113936558366 -0.025680439547 0.246418997645 0.114085778594 0.962425112724 -0.039813898504
0.967221081257 -0.010365047492 -0.253724157810 -0.056768976152 -0.018118500710 0.993803143501 -0.109667971730 -0.022473426536 0.253288567066 0.110670268536 0.961039543152 -0.040866289288
0.966822445393 -0.007445910480 -0.255340844393 -0.055174693465 -0.020196605474 0.994217932224 -0.105464480817 -0.019551811740 0.254649728537 0.107122443616 0.961081862450 -0.041802033782
0.967331469059 -0.003585433587 -0.253489494324 -0.053535610437 -0.022340254858 0.994804441929 -0.099322609603 -0.016605198383 0.252528607845 0.101740904152 0.962225615978 -0.042663034052
0.967430233955 0.001909192652 -0.253130644560 -0.051025494933 -0.025944169611 0.995453536510 -0.091646991670 -0.013708177954 0.251804798841 0.095229335129 0.963081359863 -0.043558388948
0.968071043491 0.003161495551 -0.250656127930 -0.047534480691 -0.024823082611 0.996214866638 -0.083305262029 -0.011016616598 0.249443992972 0.086867474020 0.964485228062 -0.043557096273
0.970171213150 -0.002469351515 -0.242408245802 -0.044045433402 -0.016781132668 0.996865332127 -0.077316597104 -0.008561016992 0.241839289665 0.079078227282 0.967088639736 -0.043286260217
0.972668230534 -0.008724826388 -0.232035338879 -0.040040392429 -0.008068677969 0.997420310974 -0.071327343583 -0.006158874836 0.232059091330 0.071250066161 0.970088660717 -0.042955622077
0.975121498108 -0.013838790357 -0.221238538623 -0.035883598030 -0.000286689494 0.997969806194 -0.063688054681 -0.003568598069 0.221670761704 0.062167018652 0.973137855530 -0.041530132294
