0.069136023521 0.164868861437 -0.983889460564 -1.057208776474 0.997003912926 0.022875655442 0.073890790343 2.002875089645 0.034689407796 -0.986050188541 -0.162793368101 0.928784549236
0.079001605511 0.165258824825 -0.983080983162 -1.057042121887 0.996034741402 0.027384011075 0.084645912051 2.012816190720 0.040909186006 -0.985870003700 -0.162440136075 0.934275567532
0.085085615516 0.163020908833 -0.982946932316 -1.057433128357 0.995427906513 0.029064629227 0.090986333787 2.021492481232 0.043401662260 -0.986194431782 -0.159802570939 0.940821647644
0.096324980259 0.157096102834 -0.982874512672 -1.057939887047 0.994376420975 0.028475312516 0.102003507316 2.029935359955 0.044012010098 -0.987172722816 -0.153469771147 0.949044108391
0.105522088706 0.149480327964 -0.983117878437 -1.059236764908 0.993562221527 0.025132827461 0.110464505851 2.037253618240 0.041220799088 -0.988445222378 -0.145865932107 0.958147227764
0.114039942622 0.141687944531 -0.983320593834 -1.060836434364 0.992842555046 0.019090009853 0.117894954979 2.043327808380 0.035475891083 -0.989727258682 -0.138496801257 0.968437433243
0.117288731039 0.134439006448 -0.983956038952 -1.062123179436 0.992605984211 0.015309533104 0.120411574841 2.047736167908 0.031251922250 -0.990803599358 -0.131649330258 0.978938698769
0.119282737374 0.127766907215 -0.984605133533 -1.063147187233 0.992350757122 0.016425063834 0.122352503240 2.050852060318 0.031804803759 -0.991668224335 -0.124830365181 0.989395081997
0.124232433736 0.118998356164 -0.985091745853 -1.064623832703 0.991639733315 0.020013576373 0.127475842834 2.053521394730 0.034884624183 -0.992692708969 -0.115517161787 1.000281691551
0.129628822207 0.112990595400 -0.985103785992 -1.065989851952 0.990839600563 0.023170560598 0.133041247725 2.055207967758 0.037857815623 -0.993325829506 -0.108951985836 1.010957360268
0.133363828063 0.106866739690 -0.985288560390 -1.067839741707 0.990256667137 0.025828644633 0.136837735772 2.055756568909 0.040072072297 -0.993937790394 -0.102380901575 1.021745562553
0.139167219400 0.103856444359 -0.984807789326 -1.069694638252 0.989401459694 0.027033299208 0.142667263746 2.055000543594 0.041439518332 -0.994224846363 -0.098993569613 1.032113790512
0.144767373800 0.102179281414 -0.984175682068 -1.070913434029 0.988477349281 0.029511669651 0.148464083672 2.052065134048 0.044214621186 -0.994328141212 -0.096729576588 1.041550278664
0.146975398064 0.099133193493 -0.984159946442 -1.071100354195 0.987948775291 0.034106831998 0.150976762176 2.046582698822 0.048533387482 -0.994489490986 -0.092925652862 1.049953579903
0.141357094049 0.093162365258 -0.985565304756 -1.070550441742 0.988658666611 0.037718910724 0.145366221666 2.038422107697 0.050717111677 -0.994936227798 -0.086773946881 1.057613492012
0.134971544147 0.085987538099 -0.987111330032 -1.069984555244 0.989471375942 0.040827646852 0.138850733638 2.028777360916 0.052240867168 -0.995459318161 -0.079571634531 1.064246535301
0.128897190094 0.081083461642 -0.988337457180 -1.069111466408 0.990310907364 0.041405130178 0.132551461458 2.018041610718 0.051669973880 -0.995846927166 -0.074960835278 1.069431781769
0.118414513767 0.079939410090 -0.989741206169 -1.068466067314 0.991718173027 0.040398184210 0.121913924813 2.005448579788 0.049729477614 -0.995980739594 -0.074493639171 1.073022007942
0.104595124722 0.082292057574 -0.991104364395 -1.067913174629 0.993415057659 0.038210514933 0.108011618257 1.991320848465 0.046759109944 -0.995875477791 -0.077753536403 1.075206279755
0.083501428366 0.084859870374 -0.992887854576 -1.067705273628 0.995516538620 0.037323471159 0.086912453175 1.975369930267 0.044433400035 -0.995693624020 -0.081362843513 1.076217174530
0.062674827874 0.087185390294 -0.994218587875 -1.067066788673 0.997231423855 0.034471206367 0.065887615085 1.958609104156 0.040016349405 -0.995595514774 -0.084783531725 1.076365470886
0.037894818932 0.089770190418 -0.995241343975 -1.065669298172 0.998682260513 0.031091546640 0.040830273181 1.940799951553 0.034608934075 -0.995477080345 -0.088473685086 1.075518608093
0.011886216700 0.091820307076 -0.995704650879 -1.063338637352 0.999361932278 0.032450720668 0.014922363684 1.922945499420 0.033681508154 -0.995246708393 -0.091375999153 1.073102951050
-0.015734808519 0.090614415705 -0.995761752129 -1.060194253922 0.999339640141 0.034046877176 -0.012693075463 1.905786633492 0.032752402127 -0.995303869247 -0.091090291739 1.069718360901
-0.043807614595 0.088907033205 -0.995076119900 -1.056462764740 0.998677074909 0.030741544440 -0.041219480336 1.890493512154 0.026925474405 -0.995565414429 -0.090136133134 1.065859079361
-0.073996521533 0.091122314334 -0.993086695671 -1.052027106285 0.997131705284 0.022638851777 -0.072220653296 1.877097725868 0.015901429579 -0.995582342148 -0.092536143959 1.060301780701
-0.100082501769 0.091100402176 -0.990799784660 -1.047266006470 0.994950175285 0.016760535538 -0.098960667849 1.867301821709 0.007590977475 -0.995700657368 -0.092317797244 1.054622530937
-0.117286562920 0.085374094546 -0.989421606064 -1.042963743210 0.993092000484 0.013574482873 -0.116550356150 1.860983729362 0.003480505897 -0.996256470680 -0.086376436055 1.049334049225
-0.127584680915 0.085666120052 -0.988121151924 -1.038120508194 0.991812169552 0.005446594674 -0.127589061856 1.857073426247 -0.005548163783 -0.996309041977 -0.085659600794 1.042847156525
-0.143032371998 0.085655190051 -0.986004531384 -1.033681631088 0.989677429199 0.003356065368 -0.143273636699 1.854420304298 -0.008963034488 -0.996319174767 -0.085251033306 1.035733103752
-0.154119908810 0.086298272014 -0.984276235104 -1.029244065285 0.988004267216 0.003650736064 -0.154383569956 1.853630304337 -0.009729702957 -0.996262669563 -0.085825711489 1.028561115265
-0.163460731506 0.089500837028 -0.982481658459 -1.024992227554 0.986488163471 0.003690957557 -0.163791075349 1.853986024857 -0.011033141054 -0.995979905128 -0.088894844055 1.020208835602
-0.165188267827 0.090458482504 -0.982104957104 -1.021264433861 0.986231267452 0.007283457555 -0.165211454034 1.856964349747 -0.007791656535 -0.995873570442 -0.090416125953 1.012429833412
-0.163778409362 0.092226393521 -0.982176601887 -1.018374204636 0.986493766308 0.012698750943 -0.163305878639 1.861888647079 -0.002588694915 -0.995657086372 -0.093060538173 1.004761695862
-0.164665013552 0.097729779780 -0.981495976448 -1.015968918800 0.986349463463 0.016770377755 -0.163809403777 1.867919445038 0.000451000204 -0.995071649551 -0.099157206714 0.997024178505
-0.165306389332 0.104825817049 -0.980655550957 -1.014393687248 0.986240744591 0.015840644017 -0.164554610848 1.875543355942 -0.001715354738 -0.994364440441 -0.106002055109 0.989439845085
-0.155157148838 0.108389638364 -0.981925606728 -1.014021039009 0.987884998322 0.013915915042 -0.154562696815 1.886182546616 -0.003088600468 -0.994011104107 -0.109235644341 0.982965171337
-0.145975604653 0.115483716130 -0.982524633408 -1.014129042625 0.989222526550 0.005594978575 -0.146313101053 1.897262930870 -0.011399578303 -0.993293642998 -0.115055821836 0.975775122643
-0.137746617198 0.122976705432 -0.982803463936 -1.015448570251 0.990291416645 -0.001609188970 -0.138997465372 1.908958435059 -0.018674967811 -0.992408275604 -0.121561117470 0.969118118286
