0.999825298786 0.013211950660 -0.013222246431 -0.002608706011 -0.012951189652 0.999723672867 0.019616356120 -0.001785615343 0.013477764092 -0.019441684708 0.999720156193 0.004556982778
0.999917089939 0.010540378280 -0.007399217226 -0.008208531886 -0.010477752425 0.999909400940 0.008452245966 -0.005030258559 0.007487636991 -0.008374018595 0.999936878681 0.003174615558
0.999962270260 0.008265205659 -0.002680214820 -0.013551113196 -0.008273846470 0.999960541725 -0.003229162423 -0.008745294996 0.002653419273 0.003251216142 0.999991178513 0.001039688592
0.999977588654 0.006587692536 0.001203962485 -0.018952889368 -0.006568629295 0.999862790108 -0.015205765143 -0.012501374818 -0.001303968136 0.015197515488 0.999883651733 -0.001592549845
0.999973773956 0.005498421844 0.004718157463 -0.024038381875 -0.005365339573 0.999599933624 -0.027770081535 -0.016488447785 -0.004868961871 0.027744038031 0.999603211880 -0.004959697835
0.999962091446 0.004443767015 0.007485828362 -0.029188070446 -0.004137170967 0.999171555042 -0.040486067533 -0.019905205816 -0.007659537718 0.040453560650 0.999152064323 -0.008359454572
0.999949038029 0.003357635811 0.009521684609 -0.034481815994 -0.002843697090 0.998564600945 -0.053484674543 -0.022593596950 -0.009687599726 0.053454872221 0.998523294926 -0.011629753746
0.999923288822 0.002863838803 0.012049705721 -0.039063043892 -0.002043435816 0.997713506222 -0.067554496229 -0.025161616504 -0.012215618975 0.067524693906 0.997642815113 -0.015504115261
0.999895632267 0.002185065299 0.014283115976 -0.043846696615 -0.001009484869 0.996648252010 -0.081800207496 -0.026518827304 -0.014413981698 0.081777244806 0.996546387672 -0.018883796409
0.999859929085 0.001181428088 0.016693925485 -0.048316668719 0.000432443252 0.995348274708 -0.096341341734 -0.026655681431 -0.016730090603 0.096335068345 0.995208323002 -0.021817723289
0.999800443649 0.001241640071 0.019938379526 -0.052299700677 0.001008874853 0.993654787540 -0.112468279898 -0.026165198535 -0.019951511174 0.112465955317 0.993455231190 -0.025206860155
0.999728381634 0.000218956149 0.023305177689 -0.056300465018 0.002774444874 0.991727173328 -0.128333553672 -0.023617496714 -0.023140478879 0.128363355994 0.991457223892 -0.027236007154
0.999616682529 -0.000851921272 0.027672678232 -0.059913508594 0.004837887827 0.989522814751 -0.144295319915 -0.019912414253 -0.027259819210 0.144373878837 0.989147663116 -0.028972472996
0.999436020851 -0.001369369915 0.033552084118 -0.062954530120 0.006732929498 0.987049758434 -0.160273090005 -0.015679901466 -0.032898101956 0.160408601165 0.986502289772 -0.031256344169
0.999170362949 -0.003190421499 0.040601134300 -0.066308513284 0.010212871246 0.984700560570 -0.173955425620 -0.010664707050 -0.039424970746 0.174225762486 0.983916163445 -0.032148148865
0.998754262924 -0.004562309012 0.049689717591 -0.069510303438 0.013763589785 0.982368290424 -0.186448544264 -0.004709637258 -0.047962971032 0.186900198460 0.981207370758 -0.033775582910
0.998147487640 -0.006881615147 0.060450691730 -0.072285681963 0.018643615767 0.980379819870 -0.196234002709 0.001895029796 -0.057914230973 0.196997478604 0.978691935539 -0.034829385579
0.997251570225 -0.008862807415 0.073558054864 -0.075138278306 0.023731097579 0.978723466396 -0.203806862235 0.008077701554 -0.070186696947 0.204992309213 0.976243793964 -0.036939848214
0.995972871780 -0.011188841425 0.088954210281 -0.077395215631 0.029625050724 0.977522134781 -0.208741188049 0.014628819190 -0.084619134665 0.210535824299 0.973916947842 -0.038892637938
0.994487941265 -0.014559474774 0.103835351765 -0.080428406596 0.036326199770 0.976821899414 -0.210948914289 0.021642472595 -0.098357342184 0.213558077812 0.971966445446 -0.040228027850
0.992667675018 -0.017435114831 0.119611293077 -0.082573488355 0.042707782239 0.976308822632 -0.212125271559 0.027833428234 -0.113079130650 0.215678244829 0.969894826412 -0.042694404721
0.990651071072 -0.019204355776 0.135061442852 -0.084409177303 0.047926105559 0.975927889347 -0.212762296200 0.033062893897 -0.127724260092 0.217246174812 0.967724442482 -0.046318016946
0.988776981831 -0.023147182539 0.147594839334 -0.087059378624 0.054345801473 0.975970625877 -0.211016222835 0.039006914943 -0.139163792133 0.216669157147 0.966275274754 -0.048456910998
0.987059712410 -0.025018095970 0.158389627934 -0.088842920959 0.058570809662 0.975755453110 -0.210880875587 0.042728926986 -0.149273693562 0.217429012060 0.964594185352 -0.052966967225
0.985833406448 -0.026537204161 0.165614798665 -0.090960860252 0.061712019145 0.975529253483 -0.211031585932 0.046155415475 -0.155961886048 0.218262404203 0.963346958160 -0.057414099574
0.985135674477 -0.026774570346 0.169678449631 -0.093096829951 0.063058160245 0.975183248520 -0.212229266763 0.047878816724 -0.159785240889 0.219774231315 0.962376236916 -0.062749728560
0.985265374184 -0.025735182688 0.169085338712 -0.094939753413 0.062303245068 0.974692523479 -0.214692443609 0.049006793648 -0.159281060100 0.222063601017 0.961934149265 -0.069415882230
0.986171662807 -0.024607863277 0.163889989257 -0.096738554537 0.060621317476 0.973943412304 -0.218539044261 0.049193009734 -0.154241785407 0.225452229381 0.961967110634 -0.076012782753
0.987599194050 -0.022169630975 0.155423238873 -0.098729074001 0.057000715286 0.973058819771 -0.223399713635 0.048371002078 -0.146283254027 0.229488596320 0.962255775928 -0.083334624767
0.989416539669 -0.019474653527 0.143790274858 -0.100337482989 0.052384823561 0.972061932087 -0.228804364800 0.046889748424 -0.135317176580 0.233915254474 0.962794303894 -0.090613514185
0.991410791874 -0.016249235719 0.129771232605 -0.101485498250 0.046610627323 0.970996201038 -0.234507516026 0.045011587441 -0.122196815908 0.238542005420 0.963413536549 -0.098271504045
0.993459224701 -0.012933011167 0.113452628255 -0.102164976299 0.040074657649 0.969856441021 -0.240359142423 0.042874328792 -0.106924191117 0.243333593011 0.964031100273 -0.105721220374
0.995387554169 -0.009185851552 0.095494918525 -0.102516904473 0.032578781247 0.968617856503 -0.246410295367 0.040167149156 -0.090234600008 0.248384848237 0.964449405670 -0.113404102623
0.997103571892 -0.005816392601 0.075833328068 -0.102817147970 0.024770788848 0.967542469501 -0.251491457224 0.037793274969 -0.071909196675 0.252641469240 0.964884102345 -0.120602503419
0.998457491398 -0.002214881126 0.055477116257 -0.101970270276 0.016389233992 0.966436207294 -0.256383419037 0.035222414881 -0.053047236055 0.256897151470 0.964981794357 -0.127566382289
0.999410629272 0.000674540643 0.034321177751 -0.101258762181 0.008268008009 0.965643823147 -0.259737610817 0.033390875906 -0.033317234367 0.259868323803 0.965069115162 -0.133585155010
0.999901175499 0.004198667128 0.013418097980 -0.099209517241 -0.000524746138 0.964848041534 -0.262807846069 0.031275708228 -0.014049868099 0.262774825096 0.964754879475 -0.139792948961
0.999945521355 0.007364302874 -0.007398932241 -0.096700839698 -0.009056990966 0.964456975460 -0.264084637165 0.029876073822 0.005191152915 0.264137268066 0.964471101761 -0.145114630461
0.999561965466 0.010282544419 -0.027750529349 -0.093557834625 -0.017246507108 0.964405238628 -0.263865739107 0.028852071613 0.024049542844 0.264228790998 0.964160144329 -0.149518445134
0.998817563057 0.012774388306 -0.046906996518 -0.090015009046 -0.024633388966 0.964812815189 -0.261781156063 0.029086271301 0.041912380606 0.262627124786 0.963986694813 -0.152740672231
0.997752845287 0.015849687159 -0.065100677311 -0.085566632450 -0.032224785537 0.965379476547 -0.258851468563 0.030037997290 0.058744143695 0.260367631912 0.963720798492 -0.155051216483
0.996407330036 0.019033014774 -0.082523539662 -0.080151982605 -0.039527758956 0.966289818287 -0.254404246807 0.031551219523 0.074899584055 0.256752252579 0.963570594788 -0.156552329659
0.994846820831 0.022044364363 -0.098963670433 -0.074094891548 -0.046086657792 0.967732727528 -0.247728377581 0.033664390445 0.090309374034 0.251012712717 0.963761806488 -0.156766057014
0.993137300014 0.025409584865 -0.114160545170 -0.067634470761 -0.052229642868 0.969729423523 -0.238530620933 0.035416688770 0.104643873870 0.242856219411 0.964401602745 -0.156635567546
0.991348981857 0.029090069234 -0.127988174558 -0.060926374048 -0.057742811739 0.972356200218 -0.226250320673 0.036515109241 0.117868453264 0.231683433056 0.965624034405 -0.156106129289
0.989553272724 0.033653121442 -0.140184730291 -0.054246515036 -0.063009165227 0.975542724133 -0.210585504770 0.036511346698 0.129669338465 0.217218488455 0.967471957207 -0.155526742339
0.987847805023 0.038767553866 -0.150511816144 -0.047387290746 -0.067615233362 0.979145944118 -0.191576078534 0.035096682608 0.139946088195 0.199424907565 0.969868421555 -0.155086293817
0.986216545105 0.044243413955 -0.159434705973 -0.041157126427 -0.071487367153 0.982945978642 -0.169430747628 0.032800666988 0.149219512939 0.178492978215 0.972560405731 -0.154373124242
0.984724998474 0.050493143499 -0.166634678841 -0.035038203001 -0.075141243637 0.986559331417 -0.145101740956 0.029496856034 0.157068341970 0.155406460166 0.975283741951 -0.154060170054
