0.468856066465 0.367014139891 -0.803414344788 2.295131683350 0.883274555206 -0.194816902280 0.426465004683 -0.610280871391 0.000000000000 -0.909586191177 -0.415515363216 -0.696159839630
0.474597603083 0.356785506010 -0.804649770260 2.286203384399 0.880202889442 -0.192375585437 0.433860033751 -0.626129269600 0.000000000000 -0.914163947105 -0.405344635248 -0.683723509312
0.479300528765 0.346475660801 -0.806365668774 2.278850555420 0.877650856972 -0.189216434956 0.440370440483 -0.642750382423 0.000000000000 -0.918777346611 -0.394776195288 -0.669323742390
0.483146011829 0.336027383804 -0.808489680290 2.272978544235 0.875539779663 -0.185428783298 0.446145981550 -0.659988999367 0.000000000000 -0.923418521881 -0.383794516325 -0.653774082661
0.486312836409 0.325376957655 -0.810943663120 2.268492698669 0.873784780502 -0.181091502309 0.451338052750 -0.677689731121 0.000000000000 -0.928081750870 -0.372376561165 -0.637887835503
0.488977521658 0.314455837011 -0.813645184040 2.265298366547 0.872296392918 -0.176272466779 0.456099808216 -0.695697426796 0.000000000000 -0.932762324810 -0.360491961241 -0.622478604317
0.491314560175 0.303191393614 -0.816507756710 2.263300895691 0.870982170105 -0.171028017998 0.460585951805 -0.713856697083 0.000000000000 -0.937456369400 -0.348102867603 -0.608359694481
0.493497014046 0.291507869959 -0.819441199303 2.262405872345 0.869747519493 -0.165402337909 0.464953094721 -0.732012331486 0.000000000000 -0.942159891129 -0.335163801908 -0.596344649792
0.495697140694 0.279326349497 -0.822350978851 2.262518167496 0.868495464325 -0.159426599741 0.469359993935 -0.750009000301 0.000000000000 -0.946868479252 -0.321621000767 -0.587246894836
0.498087346554 0.266564846039 -0.825137674809 2.263543605804 0.867126882076 -0.153117820621 0.473968297243 -0.767691373825 0.000000000000 -0.951576650143 -0.307411581278 -0.581879794598
0.500841379166 0.253140181303 -0.827694356441 2.265387535095 0.865539073944 -0.146478757262 0.478942662477 -0.784905195236 0.000000000000 -0.956276118755 -0.292465358973 -0.581049978733
0.504154622555 0.239141955972 -0.829842925072 2.267991304398 0.863613426685 -0.139604732394 0.484440296888 -0.801573276520 0.000000000000 -0.960896253586 -0.276908576488 -0.585034012794
0.508257925510 0.224972650409 -0.831300854683 2.271354675293 0.861204862595 -0.132772281766 0.490609496832 -0.817748785019 0.000000000000 -0.965276539326 -0.261230111122 -0.593212127686
0.513388514519 0.211095392704 -0.831787824631 2.275483608246 0.858156263828 -0.126286968589 0.497613698244 -0.833497524261 0.000000000000 -0.969273090363 -0.245987117290 -0.604877829552
0.519786596298 0.198002472520 -0.831033647060 2.280384063721 0.854296147823 -0.120472304523 0.505632817745 -0.848885297775 0.000000000000 -0.972769975662 -0.231772631407 -0.619324862957
0.527694880962 0.186207696795 -0.828773081303 2.286061763763 0.849434018135 -0.115678019822 0.514859676361 -0.863977789879 0.000000000000 -0.975676834583 -0.219213843346 -0.635846734047
0.537355959415 0.176233991981 -0.824736416340 2.292522907257 0.843355536461 -0.112289980054 0.525492489338 -0.878840804100 0.000000000000 -0.977922558784 -0.208967596292 -0.653737127781
0.548774421215 0.168377816677 -0.818837881088 2.299772977829 0.835970461369 -0.110531948507 0.537527740002 -0.893540143967 0.000000000000 -0.979505777359 -0.201415985823 -0.672289550304
0.561389923096 0.162397593260 -0.811460614204 2.307818412781 0.827551424503 -0.110166415572 0.550474345684 -0.908141553402 0.000000000000 -0.980556130409 -0.196238681674 -0.690797686577
0.574547767639 0.157965406775 -0.803082704544 2.316664457321 0.818471074104 -0.110888056457 0.563745439053 -0.922710895538 0.000000000000 -0.981198668480 -0.193000599742 -0.708555161953
0.587582826614 0.154755309224 -0.794227421284 2.326317310333 0.809164047241 -0.112377174199 0.576736450195 -0.937313795090 0.000000000000 -0.981540679932 -0.191253334284 -0.724855482578
0.599826276302 0.152454003692 -0.785471975803 2.336782932281 0.800130248070 -0.114288799465 0.588837563992 -0.952016174793 0.000000000000 -0.981680095196 -0.190536499023 -0.738992333412
0.610612094402 0.150767385960 -0.777445852757 2.348066806793 0.791929841042 -0.116248168051 0.599444329739 -0.966883718967 0.000000000000 -0.981710553169 -0.190379723907 -0.750259339809
0.619281470776 0.149421557784 -0.770820140839 2.360175371170 0.785169064999 -0.117852322757 0.607964098454 -0.981982231140 0.000000000000 -0.981725037098 -0.190304934978 -0.757950067520
0.625183701515 0.148156195879 -0.766286551952 2.373114109039 0.780477643013 -0.118677116930 0.613816261292 -0.997377336025 0.000000000000 -0.981817424297 -0.189827591181 -0.761358797550
0.627708137035 0.146643295884 -0.764511764050 2.386864423752 0.778448760509 -0.118246950209 0.616469919682 -1.013055562973 0.000000000000 -0.982096433640 -0.188378870487 -0.760106623173
0.626796841621 0.144741564989 -0.765621066093 2.401343584061 0.779182732105 -0.116434246302 0.615887463093 -1.028797268867 0.000000000000 -0.982595026493 -0.185760736465 -0.754667222500
0.622753024101 0.142544746399 -0.769324183464 2.416458368301 0.782418489456 -0.113456130028 0.612330794334 -1.044349670410 -0.000000000000 -0.983264327049 -0.182184785604 -0.745651543140
0.615878701210 0.140131026506 -0.775278508663 2.432116031647 0.787841022015 -0.109544582665 0.606058180332 -1.059459924698 0.000000000000 -0.984054505825 -0.177867144346 -0.733670473099
0.606473028660 0.137570738792 -0.783112227917 2.448223352432 0.795104026794 -0.104933366179 0.597326159477 -1.073875188828 0.000000000000 -0.984917879105 -0.173022314906 -0.719335019588
0.594836831093 0.134937092662 -0.792439997196 2.464687347412 0.803846478462 -0.099851846695 0.586396157742 -1.087342500687 0.000000000000 -0.985810101032 -0.167864263058 -0.703256070614
0.581275999546 0.132314190269 -0.802876830101 2.481415033340 0.813706457615 -0.094519414008 0.573539733887 -1.099609136581 0.000000000000 -0.986690938473 -0.162606775761 -0.686044573784
0.566103279591 0.129802420735 -0.814050614834 2.498313426971 0.824334323406 -0.089140504599 0.559041082859 -1.110422134399 0.000000000000 -0.987524807453 -0.157463312149 -0.668311536312
0.549638569355 0.127521067858 -0.825612366199 2.515289306641 0.835402548313 -0.083900265396 0.543197333813 -1.119528770447 0.000000000000 -0.988280892372 -0.152646243572 -0.650667786598
0.532206654549 0.125608578324 -0.837244629860 2.532249927521 0.846614480019 -0.078961230814 0.526316523552 -1.126676201820 0.000000000000 -0.988932549953 -0.148365736008 -0.633724331856
0.514134228230 0.124221079051 -0.848666667938 2.549102067947 0.857709705830 -0.074461445212 0.508713603020 -1.131611466408 0.000000000000 -0.989456713200 -0.144828811288 -0.618092119694
0.495745837688 0.123529635370 -0.859637439251 2.565752506256 0.868467628956 -0.070514202118 0.490705281496 -1.134081840515 0.000000000000 -0.989832401276 -0.142238616943 -0.604382038116
0.477359741926 0.123717218637 -0.869955003262 2.582108736038 0.878707945347 -0.067209608853 0.472604691982 -1.133834362030 0.000000000000 -0.990038871765 -0.140794470906 -0.593205034733
0.459284514189 0.124975830317 -0.879453659058 2.598077058792 0.888289213181 -0.064617991447 0.454716145992 -1.130616426468 0.000000000000 -0.990053296089 -0.140692725778 -0.585172116756
0.441809296608 0.127494528890 -0.888003230095 2.613565206528 0.897108972073 -0.062788657844 0.437324881554 -1.124174833298 0.000000000000 -0.989849865437 -0.142117097974 -0.580894172192
0.425004482269 0.131193071604 -0.895633637905 2.628478050232 0.905191242695 -0.061597637832 0.420516997576 -1.114270091057 0.000000000000 -0.989441335201 -0.144934087992 -0.580943644047
0.408844113350 0.136099860072 -0.902398645878 2.642677307129 0.912604212761 -0.060972351581 0.404272019863 -1.101041436195 0.000000000000 -0.988817095757 -0.149133503437 -0.584773838520
0.393461823463 0.142723932862 -0.908194720745 2.655974864960 0.919340968132 -0.061083346605 0.388691455126 -1.085058212280 0.000000000000 -0.987875878811 -0.155245929956 -0.590570867062
0.379004985094 0.151603817940 -0.912891864777 2.668180227280 0.925394654274 -0.062090918422 0.373884320259 -1.066912293434 0.000000000000 -0.986489236355 -0.163826122880 -0.596452474594
0.365625739098 0.163274675608 -0.916329205036 2.679101943970 0.930761933327 -0.064138233662 0.359956204891 -1.047196030617 0.000000000000 -0.984493613243 -0.175420448184 -0.600536644459
0.353473097086 0.178204283118 -0.918313682079 2.688564538956 0.935444712639 -0.067337408662 0.346999853849 -1.026485443115 0.000000000000 -0.981686770916 -0.190502211452 -0.601073920727
0.342612475157 0.196273952723 -0.918745458126 2.696543455124 0.939476847649 -0.071578033268 0.335052073002 -1.005191087723 0.000000000000 -0.977933108807 -0.208918362856 -0.597691774368
0.333062887192 0.217007726431 -0.917592942715 2.703104019165 0.942904591560 -0.076653793454 0.324122011662 -0.983625292778 0.000000000000 -0.973155617714 -0.230148121715 -0.590832710266
0.324849873781 0.239905357361 -0.914832234383 2.708313465118 0.945765614510 -0.082402259111 0.314224928617 -0.962099075317 0.000000000000 -0.967292785645 -0.253662586212 -0.580949664116
