0.999979972839 -0.006105669308 -0.001655436470 0.010890553705 0.006111583207 0.999974846840 0.003591389162 -0.007376696449 0.001633467036 -0.003601434408 0.999992191792 -0.026629753411
0.999972343445 -0.000790138729 -0.007398934569 0.009312704206 0.000776447123 0.999997973442 -0.001853170106 -0.008396768942 0.007400383707 0.001847374020 0.999970912933 -0.026423886418
0.999913871288 0.002594914287 -0.012865194120 0.007883776911 -0.002655798569 0.999985337257 -0.004717664327 -0.008965377696 0.012852762826 0.004751425702 0.999906122684 -0.026092052460
0.999849379063 0.008826319128 -0.014943663962 0.006224412471 -0.008852083236 0.999959468842 -0.001658753259 -0.009545137174 0.014928416349 0.001790785929 0.999886989594 -0.025131175295
0.999710917473 0.017368014902 -0.016624521464 0.004356460180 -0.017301280051 0.999841690063 0.004149651155 -0.009919950739 0.016693960875 -0.003860826371 0.999853193760 -0.024177566171
0.999529480934 0.025663977489 -0.016799602658 0.002673035488 -0.025563104078 0.999654054642 0.006192038301 -0.010247776285 0.016952704638 -0.005759674590 0.999839723110 -0.023612027988
0.999367654324 0.024660592899 -0.025616105646 0.000324556284 -0.024593660608 0.999693274498 0.002924691187 -0.010924014263 0.025680374354 -0.002292847959 0.999667584896 -0.022594194859
0.998755514622 0.020097156987 -0.045645020902 -0.001928646816 -0.020078519359 0.999798059464 0.000866831746 -0.011138726026 0.045653223991 0.000050731440 0.998957335949 -0.022179877385
0.998009681702 0.014316762798 -0.061413843185 -0.004256525077 -0.014270869084 0.999897480011 0.001185866073 -0.010819938034 0.061424527317 -0.000307076873 0.998111665249 -0.021926291287
0.997348248959 0.007707980461 -0.072367392480 -0.006351663731 -0.007518171333 0.999967575073 0.002894882811 -0.009893308394 0.072387360036 -0.002343135653 0.997373819351 -0.021591247991
0.997072279453 0.003714139340 -0.076374284923 -0.007790774107 -0.003424412338 0.999986410141 0.003924127202 -0.009185271338 0.076387830079 -0.003651101375 0.997071504593 -0.020780678838
0.996560394764 0.005346620455 -0.082696810365 -0.009935802780 -0.004796112888 0.999965012074 0.006854161620 -0.007307500113 0.082730561495 -0.006433962844 0.996551156044 -0.020566483960
0.995596706867 0.004749753978 -0.093619495630 -0.011306121945 -0.003641915042 0.999921381474 0.012000727467 -0.005544974934 0.093669131398 -0.011606930755 0.995535731316 -0.019999282435
0.994346022606 0.001238129684 -0.106181226671 -0.012589535676 0.000840303837 0.999808967113 0.019527424127 -0.003526135813 0.106185115874 -0.019506242126 0.994155049324 -0.019672172144
0.993495106697 -0.002521045972 -0.113847017288 -0.013509137556 0.006046371069 0.999512493610 0.030630784109 -0.001158526749 0.113714292645 -0.031119896099 0.993025958538 -0.018978266045
0.993156373501 -0.004872090183 -0.116690769792 -0.013859177008 0.009667794220 0.999130070210 0.040566872805 0.001064512413 0.116391614079 -0.041417386383 0.992339432240 -0.018689062446
0.993228375912 -0.009988232516 -0.115748234093 -0.013794325292 0.015608458780 0.998737275600 0.047751422971 0.003404561896 0.115125127137 -0.049234721810 0.992130100727 -0.017760116607
0.992855906487 -0.020274346694 -0.117584362626 -0.013748459518 0.026793668047 0.998174309731 0.054130651057 0.005180607550 0.116272225976 -0.056894451380 0.991586506367 -0.016992008314
0.992260873318 -0.029663059860 -0.120575778186 -0.013606052846 0.036801774055 0.997671842575 0.057415865362 0.007098008413 0.118591926992 -0.061408914626 0.991042315960 -0.016792375594
0.991612315178 -0.036543440074 -0.123974308372 -0.013231161050 0.043865885586 0.997418165207 0.056857418269 0.009156597778 0.121576458216 -0.061818759888 0.990655124187 -0.016908032820
0.991392254829 -0.039601683617 -0.124792098999 -0.012741493993 0.046748980880 0.997398257256 0.054874707013 0.011029231362 0.122294291854 -0.060236264020 0.990664243698 -0.017238307744
0.990808069706 -0.040255486965 -0.129146888852 -0.011842617765 0.047004044056 0.997660577297 0.049638591707 0.011988393031 0.126846536994 -0.055252745748 0.990382313728 -0.016418201849
0.990135788918 -0.037319317460 -0.135049641132 -0.010910340585 0.044255524874 0.997831225395 0.048727244139 0.014219654724 0.132938265800 -0.054223284125 0.989639937878 -0.017316471785
0.989946186543 -0.033304091543 -0.137467682362 -0.009505128488 0.040326189250 0.998003125191 0.048616275191 0.015729308128 0.135574042797 -0.053671047091 0.989312410355 -0.017404580489
0.989372849464 -0.025982242078 -0.143060311675 -0.007471110206 0.034031473100 0.997955024242 0.054108016193 0.017237249762 0.141361907125 -0.058401554823 0.988233804703 -0.017714969814
0.989184796810 -0.021011915058 -0.145161569118 -0.005135239102 0.030091583729 0.997706115246 0.060638777912 0.018565215170 0.143554449081 -0.064351104200 0.987547993660 -0.018187195063
0.991081058979 -0.018824391067 -0.131924077868 -0.001879299874 0.027493428439 0.997558116913 0.064202010632 0.019818650559 0.130393370986 -0.067256435752 0.989178538322 -0.018095334992
0.994794726372 -0.015054773539 -0.100780837238 0.001483162399 0.021891299635 0.997507631779 0.067077212036 0.021064471453 0.099519826472 -0.068934284151 0.992644906044 -0.017595520243
0.997838437557 -0.012938396074 -0.064428977668 0.005031463224 0.017730925232 0.997072517872 0.074377700686 0.022268794477 0.063278026879 -0.075359314680 0.995146632195 -0.016547868028
0.999530494213 -0.013296602294 -0.027604129165 0.008647619747 0.015653556213 0.996084988117 0.087003640831 0.023663811386 0.026339206845 -0.087394900620 0.995825469494 -0.015460596420
0.999935030937 -0.011153379455 0.002349063987 0.012317930348 0.010861095041 0.994884192944 0.100436322391 0.024556150660 -0.003457251238 -0.100404284894 0.994940698147 -0.015011822805
0.999672293663 -0.010599278845 0.023300781846 0.015627544373 0.007968098857 0.993872284889 0.110247008502 0.025128316134 -0.024326540530 -0.110025219619 0.993631064892 -0.014851933345
0.998704850674 -0.006215470377 0.050497140735 0.019292574376 0.000011904165 0.992538511753 0.121931754053 0.025963561609 -0.050878215581 -0.121773235500 0.991253077984 -0.014626333490
0.996981441975 -0.006733844988 0.077347293496 0.022868793458 -0.003344068304 0.991582810879 0.129431009293 0.026281787083 -0.077567815781 -0.129298985004 0.988567173481 -0.014449096285
0.995044827461 -0.010687557980 0.098851509392 0.026098223403 -0.002719353884 0.990908861160 0.134507551789 0.025988809764 -0.099390394986 -0.134109839797 0.985969603062 -0.013991582207
0.993047177792 -0.013238599524 0.116970434785 0.029224900529 -0.002982198726 0.990508019924 0.137422785163 0.025685844943 -0.117679432034 -0.136816129088 0.983581662178 -0.014124422334
0.991465270519 -0.011282404885 0.129881918430 0.032000858337 -0.007026990876 0.990175366402 0.139654353261 0.025061866269 -0.130181521177 -0.139375135303 0.981645226479 -0.013885129243
0.989959776402 -0.006121333688 0.141216859221 0.034611396492 -0.014129357412 0.989772498608 0.141953468323 0.024051874876 -0.140641495585 -0.142523527145 0.979748427868 -0.013933245093
0.988758146763 -0.005816731136 0.149410381913 0.036597467959 -0.015540873632 0.989833295345 0.141380786896 0.022560819983 -0.148713752627 -0.142113387585 0.978615343571 -0.013878126629
