-0.998317480087 -0.000826143369 0.057979132980 1.316172003746 -0.057446390390 0.150062322617 -0.987006187439 -0.644964098930 -0.007885074243 -0.988676190376 -0.149857282639 1.231675267220
-0.997968077660 -0.005459476262 0.063481315970 1.325082659721 -0.063602477312 0.144715428352 -0.987427055836 -0.646156430244 -0.003795891069 -0.989458262920 -0.144768610597 1.236377358437
-0.997573614120 -0.009247796610 0.069002330303 1.333961725235 -0.069616302848 0.141660928726 -0.987464308739 -0.647935450077 -0.000643064384 -0.989872038364 -0.141961008310 1.239961147308
-0.997355580330 -0.014884750359 0.071135662496 1.342963814735 -0.072543933988 0.144856959581 -0.986789643764 -0.650726854801 0.004383622669 -0.989340662956 -0.145553693175 1.242193341255
-0.997132718563 -0.023488113657 0.071934945881 1.352569460869 -0.074669472873 0.151136547327 -0.985688686371 -0.654076695442 0.012279967777 -0.988233804703 -0.152457043529 1.243813276291
-0.996863484383 -0.031170170754 0.072743147612 1.362995862961 -0.076694414020 0.153753638268 -0.985128283501 -0.657514631748 0.019522095099 -0.987617433071 -0.155661955476 1.245850920677
-0.996196269989 -0.031086210161 0.081404261291 1.374574899673 -0.085188232362 0.150929078460 -0.984867215157 -0.660191237926 0.018329517916 -0.988055706024 -0.153003156185 1.248375415802
-0.994554519653 -0.024600872770 0.101272456348 1.387456655502 -0.103811040521 0.148099705577 -0.983508884907 -0.661406815052 0.009196755476 -0.988666415215 -0.149847075343 1.249098896980
-0.992690682411 -0.017254255712 0.119446486235 1.399727463722 -0.120683856308 0.148158714175 -0.981572389603 -0.661907851696 -0.000760736060 -0.988813042641 -0.149158090353 1.247258901596
-0.991375982761 -0.010723194107 0.130608752370 1.410602450371 -0.130733132362 0.149994909763 -0.980005264282 -0.662180364132 -0.009081862867 -0.988628625870 -0.150103241205 1.242888092995
-0.990761816502 -0.007746429183 0.135392203927 1.420230865479 -0.134986817837 0.152210727334 -0.979086518288 -0.662344396114 -0.013023722917 -0.988317728043 -0.151850238442 1.236350178719
-0.990043520927 -0.008822171949 0.140484735370 1.429465055466 -0.140156090260 0.154246687889 -0.978040993214 -0.662321805954 -0.013040861115 -0.987993001938 -0.153947427869 1.228112816811
-0.988403737545 -0.008465911262 0.151612460613 1.437953114510 -0.151007831097 0.159726798534 -0.975542902946 -0.661865711212 -0.015957713127 -0.987124979496 -0.159152984619 1.218289852142
-0.986308693886 -0.006035964005 0.164799004793 1.444994091988 -0.163470745087 0.167503565550 -0.972224175930 -0.661674916744 -0.021736111492 -0.985853016376 -0.166196927428 1.206914305687
-0.984838843346 -0.003624887206 0.173433944583 1.449793100357 -0.171278551221 0.178799182177 -0.968862473965 -0.662105798721 -0.027497829869 -0.983878910542 -0.176709249616 1.194110631943
-0.984409213066 -0.002016014885 0.175881922245 1.452417612076 -0.173087611794 0.188994765282 -0.966603159904 -0.662811458111 -0.031292077154 -0.981976032257 -0.186397120357 1.180891156197
-0.984635651112 0.001822930062 0.174612030387 1.453021645546 -0.170818522573 0.197498276830 -0.965305864811 -0.663504123688 -0.036245260388 -0.980301558971 -0.194152444601 1.167914748192
-0.984473586082 0.010352095589 0.175227329135 1.452407479286 -0.169438600540 0.204713597894 -0.964045047760 -0.663797259331 -0.045851301402 -0.978767156601 -0.199781075120 1.155806183815
-0.983657956123 0.020453669131 0.178881675005 1.451246857643 -0.170776009560 0.208715394139 -0.962950408459 -0.663358986378 -0.057031225413 -0.977762520313 -0.201811552048 1.144838333130
-0.982836544514 0.027395203710 0.182432949543 1.449471831322 -0.172939568758 0.207432806492 -0.962841391563 -0.662159979343 -0.064219817519 -0.977865576744 -0.199134841561 1.134482383728
-0.982398569584 0.030385619029 0.184308916330 1.446631908417 -0.174462348223 0.203344598413 -0.963438570499 -0.660627901554 -0.066752903163 -0.978635609150 -0.194464296103 1.124465703964
-0.981535911560 0.030155338347 0.188885822892 1.442557930946 -0.179398640990 0.197447761893 -0.963758528233 -0.658828973770 -0.066357545555 -0.979849517345 -0.188392251730 1.114729762077
-0.980404436588 0.027182772756 0.195110812783 1.437276363373 -0.186304256320 0.193904787302 -0.963167488575 -0.656924128532 -0.064014486969 -0.980643689632 -0.185040846467 1.105381846428
-0.979846358299 0.022350477055 0.198498338461 1.429934859276 -0.190659537911 0.191763579845 -0.962743818760 -0.655873119831 -0.059582538903 -0.981186628342 -0.183637514710 1.096491694450
-0.978666841984 0.015235533938 0.204888030887 1.420457839966 -0.198073044419 0.194927722216 -0.960609316826 -0.654968023300 -0.054573751986 -0.980699300766 -0.187751546502 1.087493300438
-0.978464782238 0.009131079540 0.206211641431 1.407980918884 -0.200281932950 0.199694633484 -0.959171116352 -0.654693484306 -0.049937624484 -0.979815661907 -0.193565383554 1.079043865204
-0.981182456017 0.005885604769 0.192993238568 1.391503930092 -0.187881261110 0.201343014836 -0.961333274841 -0.655888259411 -0.044515870512 -0.979503095150 -0.196448445320 1.071255087852
-0.986962318420 0.001049089595 0.160948172212 1.371428608894 -0.157426536083 0.201844960451 -0.966682732105 -0.658846914768 -0.033500712365 -0.979416906834 -0.199048206210 1.063868045807
-0.992476940155 -0.002069059294 0.122414417565 1.349823951721 -0.120134279132 0.209253698587 -0.970453858376 -0.662569820881 -0.023607742041 -0.977859199047 -0.207928031683 1.056700110435
-0.996446430683 -0.003464252222 0.084157839417 1.327562093735 -0.082823276520 0.222085788846 -0.971503078938 -0.666550695896 -0.015324727632 -0.975021004677 -0.221583500504 1.049700498581
-0.998565018177 -0.005845442880 0.053233105689 1.306350231171 -0.053108390421 0.235924854875 -0.970318973064 -0.669841766357 -0.006887068972 -0.971753716469 -0.235896751285 1.043394207954
-0.999500870705 -0.007759290747 0.030623102561 1.286756396294 -0.031590830535 0.246143087745 -0.968718528748 -0.672029197216 -0.000021096223 -0.969202458858 -0.246265351772 1.038881301880
-0.999915003777 -0.011944247410 0.005224102177 1.266974329948 -0.008125166409 0.257601767778 -0.966217041016 -0.673910498619 0.010194997303 -0.966177344322 -0.257676929235 1.035233259201
-0.999656140804 -0.012850111350 -0.022857330739 1.247187495232 0.018620312214 0.265879958868 -0.963826298714 -0.675796866417 0.018462581560 -0.963920474052 -0.265549272299 1.033443331718
-0.998918056488 -0.008958600461 -0.045634392649 1.228911519051 0.041490059346 0.271593093872 -0.961517453194 -0.677132904530 0.021007835865 -0.962370455265 -0.270927548409 1.033769965172
-0.997878372669 -0.008332697675 -0.064569957554 1.212379217148 0.059809390455 0.274484783411 -0.959729611874 -0.678328335285 0.025720607489 -0.961555361748 -0.273404061794 1.036132693291
-0.996874272823 -0.008976688609 -0.078492589295 1.198266744614 0.072941236198 0.277118563652 -0.958063066006 -0.679240047932 0.030351987109 -0.960793793201 -0.275597602129 1.040449380875
-0.995845079422 -0.012923599221 -0.090141654015 1.186222791672 0.082898266613 0.281023710966 -0.956113755703 -0.679803073406 0.037688374519 -0.959613800049 -0.278784751892 1.046486020088
-0.994951426983 -0.014220670797 -0.099345281720 1.175921797752 0.091357722878 0.281390339136 -0.955234646797 -0.680295705795 0.041538879275 -0.959488034248 -0.278670549393 1.054989337921
